4294967278,30
4294967278,29
4294967278,28
4294967278,27
4294967278,176
4294967278,39
4294967278,38
4294967278,37
4294967278,301
4294967278,36
4294967278,35
4294967278,34
4294967278,33
4294967278,32
4294967278,31
4294967279,305
4294967279,296
4294967279,36
4294967279,34
4294967279,32
4294967279,31
4294967279,30
4294967279,29
4294967279,28
4294967279,292
4294967279,27
4294967279,25
4294967279,23
4294967279,22
4294967279,21
4294967279,19
4294967279,283
4294967279,18
4294967279,16
4294967279,268
4294967279,12
4294967278,175
4294967278,172
4294967278,171
4294967294,30
4294967294,948
4294967294,947
4294967294,945
4294967294,902
4294967294,900
4294967294,898
4294967294,897
4294967294,60
4294967294,967
4294967294,966
4294967294,965
4294967294,964
4294967294,962
4294967294,922
4294967294,920
4294967294,916
4294967294,915
4294967294,913
4294967294,906
4294967294,401
4294967294,182
4294967294,176
4294967294,173
4294967294,163
4294967294,161
4294967294,427
4294967278,168
4294967278,167
32,4
32,3
32,2
32,1
4294967279,350
4294967278,166
4294967294,925
4294967278,165
4294967278,164
31,4
4294967278,163
31,3
31,2
31,1
4294967278,537
4294967278,162
4294967278,161
4294967278,160
30,4
30,3
30,2
30,1
4294967278,159
4294967278,158
4294967294,441
4294967294,115
4294967294,120
4294967294,426
4294967294,29
4294967278,157
4294967278,304
4294967278,156
29,6
4294967278,291
4294967278,536
29,5
4294967294,41
4294967294,42
29,4
29,3
29,2
29,1
4294967294,393
4294967294,1359
4294967294,1354
4294967294,422
4294967294,961
4294967294,919
4294967294,912
4294967294,53
4294967294,417
4294967279,349
28,5
4294967294,76
4294967294,388
4294967294,387
4294967294,82
4294967279,145
28,4
28,3
28,2
28,1
4294967279,144
4294967279,143
4294967294,84
4294967294,83
4294967279,294
4294967294,87
4294967294,85
4294967294,91
4294967294,88
4294967279,293
4294967279,137
27,4
4294967279,136
27,3
27,2
27,1
4294967279,276
4294967279,275
4294967294,392
4294967294,114
4294967279,274
4294967279,272
25,5
25,4
25,3
25,2
25,1
0,7
4294967278,535
4294967279,348
4294967278,534
4294967279,285
4294967279,347
4294967279,346
4294967294,5
4294967294,430
4294967294,971
4294967294,396
4294967294,399
4294967294,385
4294967294,178
4294967294,954
4294967294,167
4294967294,183
4294967294,398
4294967294,406
4294967294,415
4294967294,535
4294967294,953
4294967294,469
4294967294,470
4294967294,466
4294967279,345
4294967279,263
4294967279,302
4294967278,533
4294967278,260
4294967279,344
4294967279,261
4294967279,282
4294967294,186
4294967294,924
4294967279,343
4294967279,342
4294967279,281
4294967278,532
4294967278,531
4294967294,957
4294967278,256
4294967278,530
4294967278,529
4294967279,341
4294967279,340
4294967278,528
4294967278,527
4294967294,956
4294967294,1356
4294967294,911
4294967294,471
4294967294,907
4294967294,2
4294967294,1
4294967294,0
4294967294,1358
4294967294,46
4294967294,926
4294967294,472
4294967279,339
4294967279,338
4294967278,255
4294967278,526
4294967279,337
4294967294,81
4294967294,50
4294967294,90
4294967294,86
4294967294,958
4294967294,955
4294967294,419
4294967294,28
4294967294,27
4294967294,45
4294967294,44
4294967278,525
4294967278,253
4294967278,524
4294967279,336
4294967279,260
4294967279,0
4294967294,11
4294967278,132
4294967278,131
4294967278,130
4294967278,129
4294967278,128
4294967278,127
4294967278,126
4294967278,125
4294967278,124
4294967278,123
4294967278,121
4294967278,120
4294967278,119
4294967278,118
4294967278,117
4294967278,116
4294967278,115
4294967278,114
4294967278,113
4294967278,235
4294967278,112
4294967278,111
4294967278,110
4294967278,109
4294967278,108
4294967278,225
4294967278,107
4294967278,106
4294967278,105
4294967278,219
4294967278,104
4294967278,217
4294967278,103
4294967278,102
4294967278,101
4294967278,100
4294967278,99
4294967278,98
4294967278,97
4294967278,96
4294967278,95
4294967278,94
4294967278,93
4294967278,92
4294967278,91
4294967278,90
4294967278,89
4294967278,87
4294967278,86
4294967278,85
4294967278,84
4294967278,83
4294967278,82
4294967278,81
4294967278,80
4294967278,79
4294967278,78
4294967278,77
4294967278,76
4294967278,75
4294967278,74
4294967278,73
4294967278,72
4294967278,71
4294967278,70
4294967278,69
4294967278,68
4294967278,67
4294967278,66
4294967278,65
4294967278,64
4294967278,63
4294967278,62
4294967278,61
4294967278,60
4294967278,59
4294967278,58
4294967278,57
4294967278,56
4294967278,55
4294967278,54
4294967278,53
4294967278,52
4294967278,51
4294967278,50
4294967278,49
4294967278,48
4294967278,47
4294967278,46
4294967278,45
4294967278,44
4294967278,43
4294967278,42
4294967278,41
4294967278,40
4294967279,35
4294967279,33
4294967279,26
4294967279,24
4294967279,20
4294967279,17
4294967279,15
4294967279,14
4294967279,13
4294967279,11
4294967279,10
4294967279,9
4294967279,8
4294967279,7
4294967279,6
4294967279,5
4294967279,4
4294967278,523
